  1     2     3     4     5     6     7     8     9     10    11    12    13    14    15  

  16    17    18    19    20    21    22    23    24    25    26    27    28    29    30  

  31    32    33    34    35    36    37    38    39    40    41    42    43    44    45  

  46    47    48    49    50    51    52    53    54    55    56    57    58    59    60  

  61    62    63    64    65    66    67    68    69    70    71    72    73    74    75  

  76    77    78    79    80    81    82    83    84    85    86    87    88    89    90  

  91    92    93    94    95    96    97    98    99   100   101   102   103   104   105  

 106   107   108   109   110   111   112   113   114   115   116   117   118   119   120  

 121   122   123   124   125   126   127   128    X    130   131   132   133   134   135  

 136   137   138   139   140   141   142   143   144   145   146   147   148   149   150  

 151   152   153   154   155   156   157   158   159   160   161   162   163   164   165  

 166   167   168   169   170   171   172   173   174   175   176   177   178   179   180  

 181   182   183   184   185   186   187   188   189   190   191   192   193   194   195  

 196   197   198   199   200   201   202   203   204   205   206   207   208   209   210  

 211   212   213   214   215   216   217   218   219   220   221   222   223   224   225  

Player X played the number 129 position

  1     2     3     4     5     6     7     8     9     10    11    12    13    14    15  

  16    17    18    19    20    21    22    23    24    25    26    27    28    29    30  

  31    32    33    34    35    36    37    38    39    40    41    42    43    44    45  

  46    47    48    49    50    51    52    53    54    55    56    57    58    59    60  

  61    62    63    64    65    66    67    68    69    70    71    72    73    74    75  

  76    77    78    79    80    81    82    83    84    85    86    87    88    89    90  

  91    92    93    94    95    96    97    98    99   100   101   102   103   104   105  

 106   107   108   109   110   111   112   113   114    O    116   117   118   119   120  

 121   122   123   124   125   126   127   128    X    130   131   132   133   134   135  

 136   137   138   139   140   141   142   143   144   145   146   147   148   149   150  

 151   152   153   154   155   156   157   158   159   160   161   162   163   164   165  

 166   167   168   169   170   171   172   173   174   175   176   177   178   179   180  

 181   182   183   184   185   186   187   188   189   190   191   192   193   194   195  

 196   197   198   199   200   201   202   203   204   205   206   207   208   209   210  

 211   212   213   214   215   216   217   218   219   220   221   222   223   224   225  

Player O played the number 115 position

  1     2     3     4     5     6     7     8     9     10    11    12    13    14    15  

  16    17    18    19    20    21    22    23    24    25    26    27    28    29    30  

  31    32    33    34    35    36    37    38    39    40    41    42    43    44    45  

  46    47    48    49    50    51    52    53    54    55    56    57    58    59    60  

  61    62    63    64    65    66    67    68    69    70    71    72    73    74    75  

  76    77    78    79    80    81    82    83    84    85    86    87    88    89    90  

  91    92    93    94    95    96    97    98    99   100    X    102   103   104   105  

 106   107   108   109   110   111   112   113   114    O    116   117   118   119   120  

 121   122   123   124   125   126   127   128    X    130   131   132   133   134   135  

 136   137   138   139   140   141   142   143   144   145   146   147   148   149   150  

 151   152   153   154   155   156   157   158   159   160   161   162   163   164   165  

 166   167   168   169   170   171   172   173   174   175   176   177   178   179   180  

 181   182   183   184   185   186   187   188   189   190   191   192   193   194   195  

 196   197   198   199   200   201   202   203   204   205   206   207   208   209   210  

 211   212   213   214   215   216   217   218   219   220   221   222   223   224   225  

Player X played the number 101 position

  1     2     3     4     5     6     7     8     9     10    11    12    13    14    15  

  16    17    18    19    20    21    22    23    24    25    26    27    28    29    30  

  31    32    33    34    35    36    37    38    39    40    41    42    43    44    45  

  46    47    48    49    50    51    52    53    54    55    56    57    58    59    60  

  61    62    63    64    65    66    67    68    69    70    71    72    73    74    75  

  76    77    78    79    80    81    82    83    84    85    86    87    88    89    90  

  91    92    93    94    95    96    97    98    99    O     X    102   103   104   105  

 106   107   108   109   110   111   112   113   114    O    116   117   118   119   120  

 121   122   123   124   125   126   127   128    X    130   131   132   133   134   135  

 136   137   138   139   140   141   142   143   144   145   146   147   148   149   150  

 151   152   153   154   155   156   157   158   159   160   161   162   163   164   165  

 166   167   168   169   170   171   172   173   174   175   176   177   178   179   180  

 181   182   183   184   185   186   187   188   189   190   191   192   193   194   195  

 196   197   198   199   200   201   202   203   204   205   206   207   208   209   210  

 211   212   213   214   215   216   217   218   219   220   221   222   223   224   225  

Player O played the number 100 position

  1     2     3     4     5     6     7     8     9     10    11    12    13    14    15  

  16    17    18    19    20    21    22    23    24    25    26    27    28    29    30  

  31    32    33    34    35    36    37    38    39    40    41    42    43    44    45  

  46    47    48    49    50    51    52    53    54    55    56    57    58    59    60  

  61    62    63    64    65    66    67    68    69    70    71    72    73    74    75  

  76    77    78    79    80    81    82    83    84    85    86    87    88    89    90  

  91    92    93    94    95    96    97    98    99    O     X    102   103   104   105  

 106   107   108   109   110   111   112   113   114    O     X    117   118   119   120  

 121   122   123   124   125   126   127   128    X    130   131   132   133   134   135  

 136   137   138   139   140   141   142   143   144   145   146   147   148   149   150  

 151   152   153   154   155   156   157   158   159   160   161   162   163   164   165  

 166   167   168   169   170   171   172   173   174   175   176   177   178   179   180  

 181   182   183   184   185   186   187   188   189   190   191   192   193   194   195  

 196   197   198   199   200   201   202   203   204   205   206   207   208   209   210  

 211   212   213   214   215   216   217   218   219   220   221   222   223   224   225  

Player X played the number 116 position

  1     2     3     4     5     6     7     8     9     10    11    12    13    14    15  

  16    17    18    19    20    21    22    23    24    25    26    27    28    29    30  

  31    32    33    34    35    36    37    38    39    40    41    42    43    44    45  

  46    47    48    49    50    51    52    53    54    55    56    57    58    59    60  

  61    62    63    64    65    66    67    68    69    70    71    72    73    74    75  

  76    77    78    79    80    81    82    83    84    85    86    87    88    89    90  

  91    92    93    94    95    96    97    98    99    O     X    102   103   104   105  

 106   107   108   109   110   111   112   113   114    O     X     O    118   119   120  

 121   122   123   124   125   126   127   128    X    130   131   132   133   134   135  

 136   137   138   139   140   141   142   143   144   145   146   147   148   149   150  

 151   152   153   154   155   156   157   158   159   160   161   162   163   164   165  

 166   167   168   169   170   171   172   173   174   175   176   177   178   179   180  

 181   182   183   184   185   186   187   188   189   190   191   192   193   194   195  

 196   197   198   199   200   201   202   203   204   205   206   207   208   209   210  

 211   212   213   214   215   216   217   218   219   220   221   222   223   224   225  

Player O played the number 117 position

  1     2     3     4     5     6     7     8     9     10    11    12    13    14    15  

  16    17    18    19    20    21    22    23    24    25    26    27    28    29    30  

  31    32    33    34    35    36    37    38    39    40    41    42    43    44    45  

  46    47    48    49    50    51    52    53    54    55    56    57    58    59    60  

  61    62    63    64    65    66    67    68    69    70    71    72    73    74    75  

  76    77    78    79    80    81    82    83    84    85    86    87    88    89    90  

  91    92    93    94    95    96    97    98    99    O     X    102   103   104   105  

 106   107   108   109   110   111   112   113   114    O     X     O    118   119   120  

 121   122   123   124   125   126   127   128    X    130   131    X    133   134   135  

 136   137   138   139   140   141   142   143   144   145   146   147   148   149   150  

 151   152   153   154   155   156   157   158   159   160   161   162   163   164   165  

 166   167   168   169   170   171   172   173   174   175   176   177   178   179   180  

 181   182   183   184   185   186   187   188   189   190   191   192   193   194   195  

 196   197   198   199   200   201   202   203   204   205   206   207   208   209   210  

 211   212   213   214   215   216   217   218   219   220   221   222   223   224   225  

Player X played the number 132 position

  1     2     3     4     5     6     7     8     9     10    11    12    13    14    15  

  16    17    18    19    20    21    22    23    24    25    26    27    28    29    30  

  31    32    33    34    35    36    37    38    39    40    41    42    43    44    45  

  46    47    48    49    50    51    52    53    54    55    56    57    58    59    60  

  61    62    63    64    65    66    67    68    69    70    71    72    73    74    75  

  76    77    78    79    O     81    82    83    84    85    86    87    88    89    90  

  91    92    93    94    95    96    97    98    99    O     X    102   103   104   105  

 106   107   108   109   110   111   112   113   114    O     X     O    118   119   120  

 121   122   123   124   125   126   127   128    X    130   131    X    133   134   135  

 136   137   138   139   140   141   142   143   144   145   146   147   148   149   150  

 151   152   153   154   155   156   157   158   159   160   161   162   163   164   165  

 166   167   168   169   170   171   172   173   174   175   176   177   178   179   180  

 181   182   183   184   185   186   187   188   189   190   191   192   193   194   195  

 196   197   198   199   200   201   202   203   204   205   206   207   208   209   210  

 211   212   213   214   215   216   217   218   219   220   221   222   223   224   225  

Player O played the number 80 position

  1     2     3     4     5     6     7     8     9     10    11    12    13    14    15  

  16    17    18    19    20    21    22    23    24    25    26    27    28    29    30  

  31    32    33    34    35    36    37    38    39    40    41    42    43    44    45  

  46    47    48    49    50    51    52    53    54    55    56    57    58    59    60  

  61    62    63    64    65    66    67    68    69    70    71    72    73    74    75  

  76    77    78    79    O     81    82    83    84    85    86    87    88    89    90  

  91    92    93    94    95    X     97    98    99    O     X    102   103   104   105  

 106   107   108   109   110   111   112   113   114    O     X     O    118   119   120  

 121   122   123   124   125   126   127   128    X    130   131    X    133   134   135  

 136   137   138   139   140   141   142   143   144   145   146   147   148   149   150  

 151   152   153   154   155   156   157   158   159   160   161   162   163   164   165  

 166   167   168   169   170   171   172   173   174   175   176   177   178   179   180  

 181   182   183   184   185   186   187   188   189   190   191   192   193   194   195  

 196   197   198   199   200   201   202   203   204   205   206   207   208   209   210  

 211   212   213   214   215   216   217   218   219   220   221   222   223   224   225  

Player X played the number 96 position

  1     2     3     4     5     6     7     8     9     10    11    12    13    14    15  

  16    17    18    19    20    21    22    23    24    25    26    27    28    29    30  

  31    32    33    34    35    36    37    38    39    40    41    42    43    44    45  

  46    47    48    49    50    51    52    53    54    55    56    57    58    59    60  

  61    62    63    64    65    66    67    68    69    70    71    72    73    74    75  

  76    77    78    79    O     81    82    83    84    85    86    87    88    89    90  

  91    92    93    94    O     X     97    98    99    O     X    102   103   104   105  

 106   107   108   109   110   111   112   113   114    O     X     O    118   119   120  

 121   122   123   124   125   126   127   128    X    130   131    X    133   134   135  

 136   137   138   139   140   141   142   143   144   145   146   147   148   149   150  

 151   152   153   154   155   156   157   158   159   160   161   162   163   164   165  

 166   167   168   169   170   171   172   173   174   175   176   177   178   179   180  

 181   182   183   184   185   186   187   188   189   190   191   192   193   194   195  

 196   197   198   199   200   201   202   203   204   205   206   207   208   209   210  

 211   212   213   214   215   216   217   218   219   220   221   222   223   224   225  

Player O played the number 95 position

  1     2     3     4     5     6     7     8     9     10    11    12    13    14    15  

  16    17    18    19    20    21    22    23    24    25    26    27    28    29    30  

  31    32    33    34    35    36    37    38    39    40    41    42    43    44    45  

  46    47    48    49    50    51    52    53    54    55    56    57    58    59    60  

  61    62    63    64    65    66    67    68    69    70    71    72    73    74    75  

  76    77    78    79    O     X     82    83    84    85    86    87    88    89    90  

  91    92    93    94    O     X     97    98    99    O     X    102   103   104   105  

 106   107   108   109   110   111   112   113   114    O     X     O    118   119   120  

 121   122   123   124   125   126   127   128    X    130   131    X    133   134   135  

 136   137   138   139   140   141   142   143   144   145   146   147   148   149   150  

 151   152   153   154   155   156   157   158   159   160   161   162   163   164   165  

 166   167   168   169   170   171   172   173   174   175   176   177   178   179   180  

 181   182   183   184   185   186   187   188   189   190   191   192   193   194   195  

 196   197   198   199   200   201   202   203   204   205   206   207   208   209   210  

 211   212   213   214   215   216   217   218   219   220   221   222   223   224   225  

Player X played the number 81 position

  1     2     3     4     5     6     7     8     9     10    11    12    13    14    15  

  16    17    18    19    20    21    22    23    24    25    26    27    28    29    30  

  31    32    33    34    35    36    37    38    39    40    41    42    43    44    45  

  46    47    48    49    50    51    52    53    54    55    56    57    58    59    60  

  61    62    63    64    O     66    67    68    69    70    71    72    73    74    75  

  76    77    78    79    O     X     82    83    84    85    86    87    88    89    90  

  91    92    93    94    O     X     97    98    99    O     X    102   103   104   105  

 106   107   108   109   110   111   112   113   114    O     X     O    118   119   120  

 121   122   123   124   125   126   127   128    X    130   131    X    133   134   135  

 136   137   138   139   140   141   142   143   144   145   146   147   148   149   150  

 151   152   153   154   155   156   157   158   159   160   161   162   163   164   165  

 166   167   168   169   170   171   172   173   174   175   176   177   178   179   180  

 181   182   183   184   185   186   187   188   189   190   191   192   193   194   195  

 196   197   198   199   200   201   202   203   204   205   206   207   208   209   210  

 211   212   213   214   215   216   217   218   219   220   221   222   223   224   225  

Player O played the number 65 position

  1     2     3     4     5     6     7     8     9     10    11    12    13    14    15  

  16    17    18    19    20    21    22    23    24    25    26    27    28    29    30  

  31    32    33    34    35    36    37    38    39    40    41    42    43    44    45  

  46    47    48    49    50    51    52    53    54    55    56    57    58    59    60  

  61    62    63    64    O     X     67    68    69    70    71    72    73    74    75  

  76    77    78    79    O     X     82    83    84    85    86    87    88    89    90  

  91    92    93    94    O     X     97    98    99    O     X    102   103   104   105  

 106   107   108   109   110   111   112   113   114    O     X     O    118   119   120  

 121   122   123   124   125   126   127   128    X    130   131    X    133   134   135  

 136   137   138   139   140   141   142   143   144   145   146   147   148   149   150  

 151   152   153   154   155   156   157   158   159   160   161   162   163   164   165  

 166   167   168   169   170   171   172   173   174   175   176   177   178   179   180  

 181   182   183   184   185   186   187   188   189   190   191   192   193   194   195  

 196   197   198   199   200   201   202   203   204   205   206   207   208   209   210  

 211   212   213   214   215   216   217   218   219   220   221   222   223   224   225  

Player X played the number 66 position

  1     2     3     4     5     6     7     8     9     10    11    12    13    14    15  

  16    17    18    19    20    21    22    23    24    25    26    27    28    29    30  

  31    32    33    34    35    36    37    38    39    40    41    42    43    44    45  

  46    47    48    49    50    51    52    53    54    55    56    57    58    59    60  

  61    62    63    64    O     X     67    68    69    70    71    72    73    74    75  

  76    77    78    79    O     X     82    83    84    85    86    87    88    89    90  

  91    92    93    94    O     X     97    98    99    O     X    102   103   104   105  

 106   107   108   109    O    111   112   113   114    O     X     O    118   119   120  

 121   122   123   124   125   126   127   128    X    130   131    X    133   134   135  

 136   137   138   139   140   141   142   143   144   145   146   147   148   149   150  

 151   152   153   154   155   156   157   158   159   160   161   162   163   164   165  

 166   167   168   169   170   171   172   173   174   175   176   177   178   179   180  

 181   182   183   184   185   186   187   188   189   190   191   192   193   194   195  

 196   197   198   199   200   201   202   203   204   205   206   207   208   209   210  

 211   212   213   214   215   216   217   218   219   220   221   222   223   224   225  

Player O played the number 110 position

  1     2     3     4     5     6     7     8     9     10    11    12    13    14    15  

  16    17    18    19    20    21    22    23    24    25    26    27    28    29    30  

  31    32    33    34    35    36    37    38    39    40    41    42    43    44    45  

  46    47    48    49    50    51    52    53    54    55    56    57    58    59    60  

  61    62    63    64    O     X     67    68    69    70    71    72    73    74    75  

  76    77    78    79    O     X     82    83    84    85    86    87    88    89    90  

  91    92    93    94    O     X     97    98    99    O     X    102   103   104   105  

 106   107   108   109    O     X    112   113   114    O     X     O    118   119   120  

 121   122   123   124   125   126   127   128    X    130   131    X    133   134   135  

 136   137   138   139   140   141   142   143   144   145   146   147   148   149   150  

 151   152   153   154   155   156   157   158   159   160   161   162   163   164   165  

 166   167   168   169   170   171   172   173   174   175   176   177   178   179   180  

 181   182   183   184   185   186   187   188   189   190   191   192   193   194   195  

 196   197   198   199   200   201   202   203   204   205   206   207   208   209   210  

 211   212   213   214   215   216   217   218   219   220   221   222   223   224   225  

Player X played the number 111 position

  1     2     3     4     5     6     7     8     9     10    11    12    13    14    15  

  16    17    18    19    20    21    22    23    24    25    26    27    28    29    30  

  31    32    33    34    35    36    37    38    39    40    41    42    43    44    45  

  46    47    48    49    50    51    52    53    54    55    56    57    58    59    60  

  61    62    63    64    O     X     67    68    69    70    71    72    73    74    75  

  76    77    78    79    O     X     82    83    84    85    86    87    88    89    90  

  91    92    93    94    O     X     97    98    99    O     X    102   103   104   105  

 106   107   108   109    O     X    112   113   114    O     X     O    118   119   120  

 121   122   123   124    O    126   127   128    X    130   131    X    133   134   135  

 136   137   138   139   140   141   142   143   144   145   146   147   148   149   150  

 151   152   153   154   155   156   157   158   159   160   161   162   163   164   165  

 166   167   168   169   170   171   172   173   174   175   176   177   178   179   180  

 181   182   183   184   185   186   187   188   189   190   191   192   193   194   195  

 196   197   198   199   200   201   202   203   204   205   206   207   208   209   210  

 211   212   213   214   215   216   217   218   219   220   221   222   223   224   225  

Player O played the number 125 position

Player O won the game!