 1  2  3  4  5  6  7  8  9 10 11 12 13 14 15 

16 17 18 19 20 21 22 23 24 25 26 27 28 29 30 

31 32 33 34 35 36  X 38 39 40 41 42 43 44 45 

46 47 48 49 50 51 52 53 54 55 56 57 58 59 60 

61 62 63 64 65 66 67 68 69 70 71 72 73 74 75 

76 77 78 79 80 81 82 83 84 85 86 87 88 89 90 

91 92 93 94 95 96 97 98 99 100101102103104105

106107108109110111112113114115116117118119120

121122123124125126127128129130131132133134135

136137138139140141142143144145146147148149150

151152153154155156157158159160161162163164165

166167168169170171172173174175176177178179180

181182183184185186187188189190191192193194195

196197198199200201202203204205206207208209210

211212213214215216217218219220221222223224225

Player X played the number 37 position

 1  2  3  4  5  6  7  8  9 10 11 12 13 14 15 

16 17 18 19 20 21 22 23 24 25 26 27 28 29 30 

31 32 33 34 35 36  X 38 39 40 41 42 43 44 45 

46 47 48 49 50 51 52  O 54 55 56 57 58 59 60 

61 62 63 64 65 66 67 68 69 70 71 72 73 74 75 

76 77 78 79 80 81 82 83 84 85 86 87 88 89 90 

91 92 93 94 95 96 97 98 99 100101102103104105

106107108109110111112113114115116117118119120

121122123124125126127128129130131132133134135

136137138139140141142143144145146147148149150

151152153154155156157158159160161162163164165

166167168169170171172173174175176177178179180

181182183184185186187188189190191192193194195

196197198199200201202203204205206207208209210

211212213214215216217218219220221222223224225

Player O played the number 53 position

 1  2  3  4  5  6  7  8  9 10 11 12 13 14 15 

16 17 18 19 20 21 22 23 24 25 26 27 28 29 30 

31 32 33 34 35 36  X 38 39 40 41 42 43 44 45 

46 47 48 49 50 51 52  O 54 55 56 57 58 59 60 

61 62 63 64 65 66 67  X 69 70 71 72 73 74 75 

76 77 78 79 80 81 82 83 84 85 86 87 88 89 90 

91 92 93 94 95 96 97 98 99 100101102103104105

106107108109110111112113114115116117118119120

121122123124125126127128129130131132133134135

136137138139140141142143144145146147148149150

151152153154155156157158159160161162163164165

166167168169170171172173174175176177178179180

181182183184185186187188189190191192193194195

196197198199200201202203204205206207208209210

211212213214215216217218219220221222223224225

Player X played the number 68 position

 1  2  3  4  5  6  7  8  9 10 11 12 13 14 15 

16 17 18 19 20 21 22 23 24 25 26 27 28 29 30 

31 32 33 34 35 36  X 38 39 40 41 42 43 44 45 

46 47 48 49 50 51 52  O 54 55 56 57 58 59 60 

61 62 63 64 65 66 67  X 69 70 71 72 73 74 75 

76 77 78 79 80 81  O 83 84 85 86 87 88 89 90 

91 92 93 94 95 96 97 98 99 100101102103104105

106107108109110111112113114115116117118119120

121122123124125126127128129130131132133134135

136137138139140141142143144145146147148149150

151152153154155156157158159160161162163164165

166167168169170171172173174175176177178179180

181182183184185186187188189190191192193194195

196197198199200201202203204205206207208209210

211212213214215216217218219220221222223224225

Player O played the number 82 position

 1  2  3  4  5  6  7  8  9 10 11 12 13 14 15 

16 17 18 19 20 21 22 23 24 25 26 27 28 29 30 

31 32 33 34 35 36  X 38 39 40 41 42 43 44 45 

46 47 48 49 50 51 52  O 54 55 56 57 58 59 60 

61 62 63 64 65 66 67  X 69 70 71 72 73 74 75 

76 77 78 79 80 81  O  X 84 85 86 87 88 89 90 

91 92 93 94 95 96 97 98 99 100101102103104105

106107108109110111112113114115116117118119120

121122123124125126127128129130131132133134135

136137138139140141142143144145146147148149150

151152153154155156157158159160161162163164165

166167168169170171172173174175176177178179180

181182183184185186187188189190191192193194195

196197198199200201202203204205206207208209210

211212213214215216217218219220221222223224225

Player X played the number 83 position

 1  2  3  4  5  6  7  8  9 10 11 12 13 14 15 

16 17 18 19 20 21 22 23 24 25 26 27 28 29 30 

31 32 33 34 35 36  X 38 39 40 41 42 43 44 45 

46 47 48 49 50 51 52  O 54 55 56 57 58 59 60 

61 62 63 64 65 66 67  X 69 70 71 72 73 74 75 

76 77 78 79 80 81  O  X 84 85 86 87 88 89 90 

91 92 93 94 95 96 97 98 99 100101102103104105

106107108109110111112 O 114115116117118119120

121122123124125126127128129130131132133134135

136137138139140141142143144145146147148149150

151152153154155156157158159160161162163164165

166167168169170171172173174175176177178179180

181182183184185186187188189190191192193194195

196197198199200201202203204205206207208209210

211212213214215216217218219220221222223224225

Player O played the number 113 position

 1  2  3  4  5  6  7  8  9 10 11 12 13 14 15 

16 17 18 19 20 21 22 23 24 25 26 27 28 29 30 

31 32 33 34 35 36  X 38 39 40 41 42 43 44 45 

46 47 48 49 50 51 52  O 54 55 56 57 58 59 60 

61 62 63 64 65 66 67  X 69 70 71 72 73 74 75 

76 77 78 79 80 81  O  X 84 85 86 87 88 89 90 

91 92 93 94 95 96 97 98 99 100101102103104105

106107108109110111112 O  X 115116117118119120

121122123124125126127128129130131132133134135

136137138139140141142143144145146147148149150

151152153154155156157158159160161162163164165

166167168169170171172173174175176177178179180

181182183184185186187188189190191192193194195

196197198199200201202203204205206207208209210

211212213214215216217218219220221222223224225

Player X played the number 114 position

 1  2  3  4  5  6  7  8  9 10 11 12 13 14 15 

16 17 18 19 20 21 22 23 24 25 26 27 28 29 30 

31 32 33 34 35 36  X 38 39 40 41 42 43 44 45 

46 47 48 49 50 51 52  O 54 55 56 57 58 59 60 

61 62 63 64 65 66 67  X 69 70 71 72 73 74 75 

76 77 78 79 80 81  O  X 84 85 86 87 88 89 90 

91 92 93 94 95 96 97 98 99 100101102103104105

106107108109110111112 O  X 115116117118119120

121122123124125126127 O 129130131132133134135

136137138139140141142143144145146147148149150

151152153154155156157158159160161162163164165

166167168169170171172173174175176177178179180

181182183184185186187188189190191192193194195

196197198199200201202203204205206207208209210

211212213214215216217218219220221222223224225

Player O played the number 128 position

 1  2  3  4  5  6  7  8  9 10 11 12 13 14 15 

16 17 18 19 20 21 22 23 24 25 26 27 28 29 30 

31 32 33 34 35 36  X 38 39 40 41 42 43 44 45 

46 47 48 49 50 51 52  O 54 55 56 57 58 59 60 

61 62 63 64 65 66 67  X 69 70 71 72 73 74 75 

76 77 78 79 80 81  O  X 84 85 86 87 88 89 90 

91 92 93 94 95 96 97 98 99 100101102103104105

106107108109110111112 O  X 115116117118119120

121122123124125126127 O  X 130131132133134135

136137138139140141142143144145146147148149150

151152153154155156157158159160161162163164165

166167168169170171172173174175176177178179180

181182183184185186187188189190191192193194195

196197198199200201202203204205206207208209210

211212213214215216217218219220221222223224225

Player X played the number 129 position

 1  2  3  4  5  6  7  8  9 10 11 12 13 14 15 

16 17 18 19 20 21 22 23 24 25 26 27 28 29 30 

31 32 33 34 35 36  X 38 39 40 41 42 43 44 45 

46 47 48 49 50 51 52  O 54 55 56 57 58 59 60 

61 62 63 64 65 66 67  X 69 70 71 72 73 74 75 

76 77 78 79 80 81  O  X 84 85 86 87 88 89 90 

91 92 93 94 95 96 97 98 99 100101102103104105

106107108109110111112 O  X 115116117118119120

121122123124125126127 O  X 130131132133134135

136137138139140141142 O 144145146147148149150

151152153154155156157158159160161162163164165

166167168169170171172173174175176177178179180

181182183184185186187188189190191192193194195

196197198199200201202203204205206207208209210

211212213214215216217218219220221222223224225

Player O played the number 143 position

 1  2  3  4  5  6  7  8  9 10 11 12 13 14 15 

16 17 18 19 20 21 22 23 24 25 26 27 28 29 30 

31 32 33 34 35 36  X 38 39 40 41 42 43 44 45 

46 47 48 49 50 51 52  O 54 55 56 57 58 59 60 

61 62 63 64 65 66 67  X 69 70 71 72 73 74 75 

76 77 78 79 80 81  O  X 84 85 86 87 88 89 90 

91 92 93 94 95 96 97 98 99 100101102103104105

106107108109110111112 O  X 115116117118119120

121122123124125126127 O  X 130131132133134135

136137138139140141142 O  X 145146147148149150

151152153154155156157158159160161162163164165

166167168169170171172173174175176177178179180

181182183184185186187188189190191192193194195

196197198199200201202203204205206207208209210

211212213214215216217218219220221222223224225

Player X played the number 144 position

 1  2  3  4  5  6  7  8  9 10 11 12 13 14 15 

16 17 18 19 20 21 22 23 24 25 26 27 28 29 30 

31 32 33 34 35 36  X 38 39 40 41 42 43 44 45 

46 47 48 49 50 51 52  O 54 55 56 57 58 59 60 

61 62 63 64 65 66 67  X 69 70 71 72 73 74 75 

76 77 78 79 80 81  O  X 84 85 86 87 88 89 90 

91 92 93 94 95 96 97 98 99 100101102103104105

106107108109110111112 O  X 115116117118119120

121122123124125126127 O  X 130131132133134135

136137138139140141142 O  X 145146147148149150

151152153154155156157 O 159160161162163164165

166167168169170171172173174175176177178179180

181182183184185186187188189190191192193194195

196197198199200201202203204205206207208209210

211212213214215216217218219220221222223224225

Player O played the number 158 position

 1  2  3  4  5  6  7  8  9 10 11 12 13 14 15 

16 17 18 19 20 21 22 23 24 25 26 27 28 29 30 

31 32 33 34 35 36  X 38 39 40 41 42 43 44 45 

46 47 48 49 50 51 52  O 54 55 56 57 58 59 60 

61 62 63 64 65 66 67  X 69 70 71 72 73 74 75 

76 77 78 79 80 81  O  X 84 85 86 87 88 89 90 

91 92 93 94 95 96 97 98 99 100101102103104105

106107108109110111112 O  X 115116117118119120

121122123124125126127 O  X 130131132133134135

136137138139140141142 O  X 145146147148149150

151152153154155156157 O  X 160161162163164165

166167168169170171172173174175176177178179180

181182183184185186187188189190191192193194195

196197198199200201202203204205206207208209210

211212213214215216217218219220221222223224225

Player X played the number 159 position

 1  2  3  4  5  6  7  8  9 10 11 12 13 14 15 

16 17 18 19 20 21 22 23 24 25 26 27 28 29 30 

31 32 33 34 35 36  X 38 39 40 41 42 43 44 45 

46 47 48 49 50 51 52  O 54 55 56 57 58 59 60 

61 62 63 64 65 66 67  X 69 70 71 72 73 74 75 

76 77 78 79 80 81  O  X 84 85 86 87 88 89 90 

91 92 93 94 95 96 97 98 99 100101102103104105

106107108109110111112 O  X 115116117118119120

121122123124125126127 O  X 130131132133134135

136137138139140141142 O  X 145146147148149150

151152153154155156157 O  X 160161162163164165

166167168169170171172 O 174175176177178179180

181182183184185186187188189190191192193194195

196197198199200201202203204205206207208209210

211212213214215216217218219220221222223224225

Player O played the number 173 position

Player O won the game!