Play number 1.

Player X played position number 7.

  1     2     3     4     5     6     X     8     9     10    11    12    13    14    15  

  16    17    18    19    20    21    22    23    24    25    26    27    28    29    30  

  31    32    33    34    35    36    37    38    39    40    41    42    43    44    45  

  46    47    48    49    50    51    52    53    54    55    56    57    58    59    60  

  61    62    63    64    65    66    67    68    69    70    71    72    73    74    75  

  76    77    78    79    80    81    82    83    84    85    86    87    88    89    90  

  91    92    93    94    95    96    97    98    99   100   101   102   103   104   105  

 106   107   108   109   110   111   112   113   114   115   116   117   118   119   120  

 121   122   123   124   125   126   127   128   129   130   131   132   133   134   135  

 136   137   138   139   140   141   142   143   144   145   146   147   148   149   150  

 151   152   153   154   155   156   157   158   159   160   161   162   163   164   165  

 166   167   168   169   170   171   172   173   174   175   176   177   178   179   180  

 181   182   183   184   185   186   187   188   189   190   191   192   193   194   195  

 196   197   198   199   200   201   202   203   204   205   206   207   208   209   210  

 211   212   213   214   215   216   217   218   219   220   221   222   223   224   225  

Play number 2.

Player O played position number 22.

  1     2     3     4     5     6     X     8     9     10    11    12    13    14    15  

  16    17    18    19    20    21    O     23    24    25    26    27    28    29    30  

  31    32    33    34    35    36    37    38    39    40    41    42    43    44    45  

  46    47    48    49    50    51    52    53    54    55    56    57    58    59    60  

  61    62    63    64    65    66    67    68    69    70    71    72    73    74    75  

  76    77    78    79    80    81    82    83    84    85    86    87    88    89    90  

  91    92    93    94    95    96    97    98    99   100   101   102   103   104   105  

 106   107   108   109   110   111   112   113   114   115   116   117   118   119   120  

 121   122   123   124   125   126   127   128   129   130   131   132   133   134   135  

 136   137   138   139   140   141   142   143   144   145   146   147   148   149   150  

 151   152   153   154   155   156   157   158   159   160   161   162   163   164   165  

 166   167   168   169   170   171   172   173   174   175   176   177   178   179   180  

 181   182   183   184   185   186   187   188   189   190   191   192   193   194   195  

 196   197   198   199   200   201   202   203   204   205   206   207   208   209   210  

 211   212   213   214   215   216   217   218   219   220   221   222   223   224   225  

Play number 3.

Player X played position number 23.

  1     2     3     4     5     6     X     8     9     10    11    12    13    14    15  

  16    17    18    19    20    21    O     X     24    25    26    27    28    29    30  

  31    32    33    34    35    36    37    38    39    40    41    42    43    44    45  

  46    47    48    49    50    51    52    53    54    55    56    57    58    59    60  

  61    62    63    64    65    66    67    68    69    70    71    72    73    74    75  

  76    77    78    79    80    81    82    83    84    85    86    87    88    89    90  

  91    92    93    94    95    96    97    98    99   100   101   102   103   104   105  

 106   107   108   109   110   111   112   113   114   115   116   117   118   119   120  

 121   122   123   124   125   126   127   128   129   130   131   132   133   134   135  

 136   137   138   139   140   141   142   143   144   145   146   147   148   149   150  

 151   152   153   154   155   156   157   158   159   160   161   162   163   164   165  

 166   167   168   169   170   171   172   173   174   175   176   177   178   179   180  

 181   182   183   184   185   186   187   188   189   190   191   192   193   194   195  

 196   197   198   199   200   201   202   203   204   205   206   207   208   209   210  

 211   212   213   214   215   216   217   218   219   220   221   222   223   224   225  

Play number 4.

Player O played position number 38.

  1     2     3     4     5     6     X     8     9     10    11    12    13    14    15  

  16    17    18    19    20    21    O     X     24    25    26    27    28    29    30  

  31    32    33    34    35    36    37    O     39    40    41    42    43    44    45  

  46    47    48    49    50    51    52    53    54    55    56    57    58    59    60  

  61    62    63    64    65    66    67    68    69    70    71    72    73    74    75  

  76    77    78    79    80    81    82    83    84    85    86    87    88    89    90  

  91    92    93    94    95    96    97    98    99   100   101   102   103   104   105  

 106   107   108   109   110   111   112   113   114   115   116   117   118   119   120  

 121   122   123   124   125   126   127   128   129   130   131   132   133   134   135  

 136   137   138   139   140   141   142   143   144   145   146   147   148   149   150  

 151   152   153   154   155   156   157   158   159   160   161   162   163   164   165  

 166   167   168   169   170   171   172   173   174   175   176   177   178   179   180  

 181   182   183   184   185   186   187   188   189   190   191   192   193   194   195  

 196   197   198   199   200   201   202   203   204   205   206   207   208   209   210  

 211   212   213   214   215   216   217   218   219   220   221   222   223   224   225  

Play number 5.

Player X played position number 52.

  1     2     3     4     5     6     X     8     9     10    11    12    13    14    15  

  16    17    18    19    20    21    O     X     24    25    26    27    28    29    30  

  31    32    33    34    35    36    37    O     39    40    41    42    43    44    45  

  46    47    48    49    50    51    X     53    54    55    56    57    58    59    60  

  61    62    63    64    65    66    67    68    69    70    71    72    73    74    75  

  76    77    78    79    80    81    82    83    84    85    86    87    88    89    90  

  91    92    93    94    95    96    97    98    99   100   101   102   103   104   105  

 106   107   108   109   110   111   112   113   114   115   116   117   118   119   120  

 121   122   123   124   125   126   127   128   129   130   131   132   133   134   135  

 136   137   138   139   140   141   142   143   144   145   146   147   148   149   150  

 151   152   153   154   155   156   157   158   159   160   161   162   163   164   165  

 166   167   168   169   170   171   172   173   174   175   176   177   178   179   180  

 181   182   183   184   185   186   187   188   189   190   191   192   193   194   195  

 196   197   198   199   200   201   202   203   204   205   206   207   208   209   210  

 211   212   213   214   215   216   217   218   219   220   221   222   223   224   225  

Play number 6.

Player O played position number 68.

  1     2     3     4     5     6     X     8     9     10    11    12    13    14    15  

  16    17    18    19    20    21    O     X     24    25    26    27    28    29    30  

  31    32    33    34    35    36    37    O     39    40    41    42    43    44    45  

  46    47    48    49    50    51    X     53    54    55    56    57    58    59    60  

  61    62    63    64    65    66    67    O     69    70    71    72    73    74    75  

  76    77    78    79    80    81    82    83    84    85    86    87    88    89    90  

  91    92    93    94    95    96    97    98    99   100   101   102   103   104   105  

 106   107   108   109   110   111   112   113   114   115   116   117   118   119   120  

 121   122   123   124   125   126   127   128   129   130   131   132   133   134   135  

 136   137   138   139   140   141   142   143   144   145   146   147   148   149   150  

 151   152   153   154   155   156   157   158   159   160   161   162   163   164   165  

 166   167   168   169   170   171   172   173   174   175   176   177   178   179   180  

 181   182   183   184   185   186   187   188   189   190   191   192   193   194   195  

 196   197   198   199   200   201   202   203   204   205   206   207   208   209   210  

 211   212   213   214   215   216   217   218   219   220   221   222   223   224   225  

Play number 7.

Player X played position number 84.

  1     2     3     4     5     6     X     8     9     10    11    12    13    14    15  

  16    17    18    19    20    21    O     X     24    25    26    27    28    29    30  

  31    32    33    34    35    36    37    O     39    40    41    42    43    44    45  

  46    47    48    49    50    51    X     53    54    55    56    57    58    59    60  

  61    62    63    64    65    66    67    O     69    70    71    72    73    74    75  

  76    77    78    79    80    81    82    83    X     85    86    87    88    89    90  

  91    92    93    94    95    96    97    98    99   100   101   102   103   104   105  

 106   107   108   109   110   111   112   113   114   115   116   117   118   119   120  

 121   122   123   124   125   126   127   128   129   130   131   132   133   134   135  

 136   137   138   139   140   141   142   143   144   145   146   147   148   149   150  

 151   152   153   154   155   156   157   158   159   160   161   162   163   164   165  

 166   167   168   169   170   171   172   173   174   175   176   177   178   179   180  

 181   182   183   184   185   186   187   188   189   190   191   192   193   194   195  

 196   197   198   199   200   201   202   203   204   205   206   207   208   209   210  

 211   212   213   214   215   216   217   218   219   220   221   222   223   224   225  

Play number 8.

Player O played position number 85.

  1     2     3     4     5     6     X     8     9     10    11    12    13    14    15  

  16    17    18    19    20    21    O     X     24    25    26    27    28    29    30  

  31    32    33    34    35    36    37    O     39    40    41    42    43    44    45  

  46    47    48    49    50    51    X     53    54    55    56    57    58    59    60  

  61    62    63    64    65    66    67    O     69    70    71    72    73    74    75  

  76    77    78    79    80    81    82    83    X     O     86    87    88    89    90  

  91    92    93    94    95    96    97    98    99   100   101   102   103   104   105  

 106   107   108   109   110   111   112   113   114   115   116   117   118   119   120  

 121   122   123   124   125   126   127   128   129   130   131   132   133   134   135  

 136   137   138   139   140   141   142   143   144   145   146   147   148   149   150  

 151   152   153   154   155   156   157   158   159   160   161   162   163   164   165  

 166   167   168   169   170   171   172   173   174   175   176   177   178   179   180  

 181   182   183   184   185   186   187   188   189   190   191   192   193   194   195  

 196   197   198   199   200   201   202   203   204   205   206   207   208   209   210  

 211   212   213   214   215   216   217   218   219   220   221   222   223   224   225  

Play number 9.

Player X played position number 101.

  1     2     3     4     5     6     X     8     9     10    11    12    13    14    15  

  16    17    18    19    20    21    O     X     24    25    26    27    28    29    30  

  31    32    33    34    35    36    37    O     39    40    41    42    43    44    45  

  46    47    48    49    50    51    X     53    54    55    56    57    58    59    60  

  61    62    63    64    65    66    67    O     69    70    71    72    73    74    75  

  76    77    78    79    80    81    82    83    X     O     86    87    88    89    90  

  91    92    93    94    95    96    97    98    99   100    X    102   103   104   105  

 106   107   108   109   110   111   112   113   114   115   116   117   118   119   120  

 121   122   123   124   125   126   127   128   129   130   131   132   133   134   135  

 136   137   138   139   140   141   142   143   144   145   146   147   148   149   150  

 151   152   153   154   155   156   157   158   159   160   161   162   163   164   165  

 166   167   168   169   170   171   172   173   174   175   176   177   178   179   180  

 181   182   183   184   185   186   187   188   189   190   191   192   193   194   195  

 196   197   198   199   200   201   202   203   204   205   206   207   208   209   210  

 211   212   213   214   215   216   217   218   219   220   221   222   223   224   225  

Play number 10.

Player O played position number 117.

  1     2     3     4     5     6     X     8     9     10    11    12    13    14    15  

  16    17    18    19    20    21    O     X     24    25    26    27    28    29    30  

  31    32    33    34    35    36    37    O     39    40    41    42    43    44    45  

  46    47    48    49    50    51    X     53    54    55    56    57    58    59    60  

  61    62    63    64    65    66    67    O     69    70    71    72    73    74    75  

  76    77    78    79    80    81    82    83    X     O     86    87    88    89    90  

  91    92    93    94    95    96    97    98    99   100    X    102   103   104   105  

 106   107   108   109   110   111   112   113   114   115   116    O    118   119   120  

 121   122   123   124   125   126   127   128   129   130   131   132   133   134   135  

 136   137   138   139   140   141   142   143   144   145   146   147   148   149   150  

 151   152   153   154   155   156   157   158   159   160   161   162   163   164   165  

 166   167   168   169   170   171   172   173   174   175   176   177   178   179   180  

 181   182   183   184   185   186   187   188   189   190   191   192   193   194   195  

 196   197   198   199   200   201   202   203   204   205   206   207   208   209   210  

 211   212   213   214   215   216   217   218   219   220   221   222   223   224   225  

Play number 11.

Player X played position number 36.

  1     2     3     4     5     6     X     8     9     10    11    12    13    14    15  

  16    17    18    19    20    21    O     X     24    25    26    27    28    29    30  

  31    32    33    34    35    X     37    O     39    40    41    42    43    44    45  

  46    47    48    49    50    51    X     53    54    55    56    57    58    59    60  

  61    62    63    64    65    66    67    O     69    70    71    72    73    74    75  

  76    77    78    79    80    81    82    83    X     O     86    87    88    89    90  

  91    92    93    94    95    96    97    98    99   100    X    102   103   104   105  

 106   107   108   109   110   111   112   113   114   115   116    O    118   119   120  

 121   122   123   124   125   126   127   128   129   130   131   132   133   134   135  

 136   137   138   139   140   141   142   143   144   145   146   147   148   149   150  

 151   152   153   154   155   156   157   158   159   160   161   162   163   164   165  

 166   167   168   169   170   171   172   173   174   175   176   177   178   179   180  

 181   182   183   184   185   186   187   188   189   190   191   192   193   194   195  

 196   197   198   199   200   201   202   203   204   205   206   207   208   209   210  

 211   212   213   214   215   216   217   218   219   220   221   222   223   224   225  

Play number 12.

Player O played position number 55.

  1     2     3     4     5     6     X     8     9     10    11    12    13    14    15  

  16    17    18    19    20    21    O     X     24    25    26    27    28    29    30  

  31  